58
63
227
272
405
491
564
615
670
689
1162
1499
1559
1599
1605
1742
1795
1798
1959
1990
2038
2066
2289
2292
2298
2331
2333
2430
2467
2487
2612
2640
2838
2981
3016
3372
3373
3398
3405
3611
3703
3815
3848
3852
3870
3898
3940
4045
4050
4053
4110
4344
4383
4486
4561
4568
4643
4658
4715
4745
4747
4767
4800
4943
5024
5067
5254
5273
5430
5478
5549
5551
5801
5805
5853
6040
6074
6131
6180
6188
6212
6402
6534
6547
6574
6758
6798
6867
6986
7036
7051
7130
7197
7208
7211
7213
7227
7298
7376
7401
7423
7457
7502
7647
7687
7737
7739
7740
7745
7861
7948
7958
7966
7967
7973
7975
7984
7989
7993
7999
8061
8327
8353
8429
8712
8755
8858
8877
8881
8895
8925
8937
8941
9045
9170
