73
227
251
254
272
460
615
621
659
683
733
787
914
965
979
1049
1162
1173
1222
1338
1373
1499
1628
1655
1744
1985
2021
2066
2130
2152
2194
2195
2199
2214
2487
2539
2547
2583
2612
2840
3409
3637
4050
4053
4099
4128
4360
4408
4423
4427
4461
4555
4561
4568
4602
4688
4712
4767
4792
4796
4800
4808
4819
4876
4942
5024
5067
5101
5108
5117
5124
5152
5300
5430
5453
5596
5663
5704
5799
5812
5814
5949
6188
6291
6296
6377
6865
6991
7036
7051
7119
7130
7180
7197
7199
7286
7298
7647
7737
7739
7743
7804
7853
7884
7940
7966
7973
7975
7993
8048
8061
8300
8304
8359
8398
8403
8654
8689
8712
8805
8810
8937
9246
9291
9316
