58
73
226
227
272
287
526
531
599
615
670
683
714
725
953
1096
1162
1243
1368
1455
1533
1628
1655
1860
2066
2138
2152
2194
2448
2766
2812
2843
2884
2907
2945
3136
3455
3558
3567
3719
3726
4045
4053
4066
4196
4214
4283
4344
4400
4486
4507
4526
4561
4568
4602
4688
4747
4876
4917
4942
5067
5284
5478
5663
6131
6212
6257
6402
6425
6480
6508
6511
6526
6534
6547
6867
6920
6991
7051
7197
7281
7286
7298
7334
7366
7591
7647
7654
7711
7948
7955
7975
7992
8048
8300
8304
8307
8313
8336
8398
8429
8481
8575
8762
8802
8803
8810
8811
8818
8821
9096
9127
9170
9246
