1
62
73
251
272
457
486
526
538
615
654
663
914
1049
1096
1162
1368
1653
1655
1744
1795
1877
2066
2194
2289
2487
2683
2849
2857
2928
2963
3341
3556
3558
3784
3940
3944
3976
4219
4555
4561
4568
4570
4709
4715
4718
4876
4943
4965
5056
5067
5152
5171
5278
5300
5599
5663
5678
5683
5704
5801
5844
5989
6040
6131
6212
6216
6296
6366
6490
6721
7180
7195
7197
7208
7211
7212
7286
7397
7591
7647
7737
7739
7940
7941
7973
8032
8037
8061
8063
8093
8103
8168
8235
8398
8403
8486
8550
8575
8672
8689
8708
8711
8802
8820
8821
8955
9045
9170
9208
9343
9373
9407
