188
272
472
538
603
615
849
1007
1018
1044
1049
1162
1368
1534
1559
1565
1655
1781
1857
1890
1966
1990
2038
2041
2056
2066
2152
2224
2467
2520
2547
2648
2981
3036
3148
3373
3375
3376
3387
3425
3556
3558
3607
3661
3714
3893
3944
4045
4166
4319
4328
4427
4499
4568
4602
4681
4683
4712
4718
4747
4763
4767
4776
4783
4785
4792
4797
4800
4808
4917
4942
4965
5013
5024
5037
5038
5043
5056
5067
5152
5278
5366
5478
5663
5678
6052
6188
6212
6216
6272
6366
6490
7119
7213
7286
7553
7647
7687
7851
7948
7958
8127
8134
8278
8359
8403
8486
8487
8491
8689
8802
8810
8818
8821
8855
8862
8881
8920
9291
9373
