73
272
457
564
599
615
621
683
719
744
1049
1162
1190
1368
1499
1528
1533
1537
1599
1618
1647
1655
1795
2066
2169
2194
2343
2513
2523
2547
2551
2577
2663
2965
2981
3034
3655
3852
3938
3940
3942
3944
3949
4109
4110
4128
4166
4196
4360
4476
4555
4599
4643
4712
4745
4747
4748
5101
5117
5152
5278
5315
5628
5756
5894
5908
6131
6140
6222
6272
6366
6377
6425
6626
6865
6945
7043
7051
7130
7180
7237
7286
7313
7647
7940
7992
7993
8052
8061
8063
8284
8304
8309
8468
8489
8550
8818
8820
8821
8828
8855
8858
8895
8937
9045
9316
9422
9428
