73
272
457
467
491
531
537
538
599
615
617
683
714
719
725
965
995
1114
1368
1499
1618
1795
1875
1912
1990
2041
2066
2330
2340
2487
2574
2640
2651
2916
3340
3852
3938
3949
4045
4196
4476
4507
4526
4537
4599
4669
4724
4731
4747
4763
4772
4775
4777
4780
4785
4792
4794
4800
4807
4809
4942
5067
5278
5519
5756
5853
5964
6131
6272
6459
6598
6715
6811
6867
6920
6923
7043
7181
7213
7281
7286
7366
7737
7739
7743
7903
7948
8061
8153
8278
8327
8359
8481
8483
8491
8799
8802
8803
8805
8809
8810
8815
8818
8820
8821
8829
8855
8954
8969
8980
8996
9149
9428
