45
63
66
73
251
467
526
615
724
748
787
965
1049
1053
1148
1162
1306
1368
1499
1537
1653
1655
1744
1857
2056
2292
2373
2385
2465
2467
2547
2840
3034
3373
3376
3379
3396
3425
3661
3703
4045
4118
4128
4427
4555
4561
4568
4582
4602
4640
4643
4648
4661
4683
4718
4747
4753
4763
4764
4785
4899
4943
4979
5056
5067
5115
5124
5152
5208
5278
5478
5663
5670
5683
5756
5795
6040
6156
6490
6491
6794
6865
7106
7259
7286
7305
7366
7384
7502
7612
7647
7804
7940
7958
8037
8061
8063
8403
8491
8689
8755
8891
8895
9002
9246
9373
9383
