45
73
521
526
531
564
615
659
878
1049
1096
1162
1368
1499
1653
1655
1800
1860
1990
2066
2137
2152
2167
2194
2438
2448
2467
2472
2487
2612
2648
2680
2766
2840
2916
2928
2945
2981
2997
3034
3160
3409
3425
3428
3611
3703
3802
3815
3852
3940
4053
4161
4166
4367
4476
4555
4568
4657
4688
4745
4747
4763
4767
4973
5020
5024
5027
5067
5254
5273
5366
5519
5628
5814
6040
6425
6487
6534
6728
6815
6820
6865
6923
7051
7106
7127
7130
7180
7257
7259
7286
7291
7366
7376
7384
7575
7615
7647
7654
7737
7739
7804
7948
7958
7975
7999
8061
8198
8278
8345
8359
8403
8481
8486
8550
8566
8689
8820
8821
8836
8895
8937
9170
