80
312
478
593
610
662
834
839
842
892
962
1052
1201
1342
1382
1541
1548
1550
1568
1577
1578
1593
1597
1599
1630
1763
2139
2160
2205
2363
2373
2374
2384
2422
2823
2855
2907
2937
2938
2982
3088
3254
3313
3320
3328
3341
3367
3386
3573
4064
4266
4288
4300
4308
4340
4484
4498
4526
4536
4612
4651
4752
4790
4903
4920
4929
5159
5169
5181
5182
5219
5274
5389
5482
5597
5742
5793
6062
6077
6649
6781
6785
6790
6793
6794
6795
6841
6949
7048
7623
7638
7737
7981
8384
8435
8588
8589
8769
8780
8847
8918
9066
9070
9164
9189
9196
9210
9218
9324
9379
9424
